3 # bones
Root
-1 # parent index
0.0 0.0 0.0
Shield 0
0 # parent index
0.0 0.0434133 0.0
Shield 1
1 # parent index
0.0 -0.0109366 0.0
1 # meshes
5_Shield_1.0_0.0_0.0
1 # uv layers
1 # textures
Shield.tga
0 # uv layer index
304 # vertices
-0.0312173 0.0139704 0.0064365
-0.239038 -0.0413775 0.970128
255 255 255 255
0.0868824 -0.513982
1 0 0 0
1.0 0.0 0.0 0.0
-0.0264829 -0.00205257 0.00703506
-0.243136 -0.0356293 0.969338
255 255 255 255
0.120606 -0.396304
1 0 0 0
1.0 0.0 0.0 0.0
-0.0151059 0.00607553 0.0101875
-0.176065 -0.0265988 0.984019
255 255 255 255
0.206235 -0.456058
1 0 0 0
1.0 0.0 0.0 0.0
-0.0172323 0.0227753 0.0102541
-0.145742 -0.0117669 0.989253
255 255 255 255
0.191839 -0.578013
1 0 0 0
1.0 0.0 0.0 0.0
-0.0347461 0.0301458 0.00643153
-0.218622 -0.0217167 0.975568
255 255 255 255
0.0617768 -0.631727
1 0 0 0
1.0 0.0 0.0 0.0
-1.91952e-005 0.012477 0.0113046
-1.49264e-006 -0.000225543 1.0
255 255 255 255
0.316935 -0.502775
1 0 0 0
1.0 0.0 0.0 0.0
-1.91952e-005 0.030075 0.0111085
-1.28849e-006 0.00866337 0.999962
255 255 255 255
0.316935 -0.630836
1 0 0 0
1.0 0.0 0.0 0.0
-0.0188775 0.0388515 0.00993845
-0.136008 0.000979578 0.990707
255 255 255 255
0.179902 -0.694626
1 0 0 0
1.0 0.0 0.0 0.0
-0.036234 0.0475415 0.00632573
-0.201321 -0.0105313 0.979469
255 255 255 255
0.0516384 -0.758038
1 0 0 0
1.0 0.0 0.0 0.0
-1.91952e-005 0.0462758 0.0110726
-9.41014e-007 0.00354534 0.999994
255 255 255 255
0.316935 -0.748344
1 0 0 0
1.0 0.0 0.0 0.0
-0.0201294 0.055263 0.00974496
-0.137793 0.00222781 0.990458
255 255 255 255
0.170905 -0.813538
1 0 0 0
1.0 0.0 0.0 0.0
-0.0213617 0.0655032 0.00947417
-0.136643 0.00499591 0.990608
255 255 255 255
0.161757 -0.887562
1 0 0 0
1.0 0.0 0.0 0.0
-0.036877 0.0607326 0.00651199
-0.180746 -0.0226944 0.983268
255 255 255 255
0.0475461 -0.853211
1 0 0 0
1.0 0.0 0.0 0.0
-0.00934715 0.0708129 0.0104908
-0.066237 0.00142395 0.997803
255 255 255 255
0.249308 -0.92619
1 0 0 0
1.0 0.0 0.0 0.0
-1.91907e-005 0.0603397 0.0110367
-6.17802e-007 -8.21039e-005 1.0
255 255 255 255
0.316935 -0.85027
1 0 0 0
1.0 0.0 0.0 0.0
-1.91952e-005 0.0725313 0.0110219
0.0 0.00121469 0.999999
255 255 255 255
0.316935 -0.938563
1 0 0 0
1.0 0.0 0.0 0.0
0.0188391 0.0388515 0.00993848
0.136007 0.000980065 0.990707
255 255 255 255
0.453985 -0.694624
1 0 0 0
1.0 0.0 0.0 0.0
0.020091 0.055263 0.009745
0.137792 0.00222866 0.990459
255 255 255 255
0.462984 -0.813536
1 0 0 0
1.0 0.0 0.0 0.0
0.00930877 0.0708129 0.0104908
0.0662362 0.00142489 0.997803
255 255 255 255
0.384583 -0.926189
1 0 0 0
1.0 0.0 0.0 0.0
0.0171939 0.0227753 0.0102542
0.14574 -0.0117665 0.989253
255 255 255 255
0.442047 -0.578012
1 0 0 0
1.0 0.0 0.0 0.0
0.0361957 0.0475414 0.00632579
0.20132 -0.010531 0.979469
255 255 255 255
0.582248 -0.758034
1 0 0 0
1.0 0.0 0.0 0.0
0.0347077 0.0301458 0.00643159
0.218621 -0.0217159 0.975568
255 255 255 255
0.572109 -0.631725
1 0 0 0
1.0 0.0 0.0 0.0
0.0213233 0.0655032 0.00947419
0.136642 0.0049973 0.990608
255 255 255 255
0.472134 -0.887558
1 0 0 0
1.0 0.0 0.0 0.0
0.0368387 0.0607326 0.00651205
0.180744 -0.0226943 0.983268
255 255 255 255
0.586343 -0.853206
1 0 0 0
1.0 0.0 0.0 0.0
0.0311789 0.0139704 0.00643657
0.239036 -0.0413771 0.970129
255 255 255 255
0.547003 -0.513981
1 0 0 0
1.0 0.0 0.0 0.0
0.0150675 0.00607555 0.0101875
0.176063 -0.0265991 0.98402
255 255 255 255
0.427632 -0.456057
1 0 0 0
1.0 0.0 0.0 0.0
0.0264445 -0.00205259 0.00703513
0.243133 -0.0356285 0.969338
255 255 255 255
0.51326 -0.396302
1 0 0 0
1.0 0.0 0.0 0.0
-0.0310096 0.0678029 0.00840914
-0.187082 0.0273734 0.981963
255 255 255 255
0.0877568 -0.909256
1 0 0 0
1.0 0.0 0.0 0.0
-0.0413732 0.06525 0.00658482
-0.176307 0.000847935 0.984335
255 255 255 255
0.0103287 -0.889995
1 0 0 0
1.0 0.0 0.0 0.0
-0.0369646 0.0607224 0.00737836
-0.17499 0.00100132 0.98457
255 255 255 255
0.0435473 -0.856232
1 0 0 0
1.0 0.0 0.0 0.0
-0.0409634 0.047652 0.00662071
-0.128446 -0.0145493 0.99161
255 255 255 255
0.0112068 -0.759308
1 0 0 0
1.0 0.0 0.0 0.0
-0.0363355 0.0475036 0.00718891
-0.124831 -0.0155858 0.992056
255 255 255 255
0.0454562 -0.757633
1 0 0 0
1.0 0.0 0.0 0.0
-0.0388955 0.0300539 0.00665659
-0.152667 -0.0199913 0.988075
255 255 255 255
0.0252903 -0.630284
1 0 0 0
1.0 0.0 0.0 0.0
-0.0348336 0.0301356 0.0072979
-0.155669 -0.021683 0.987571
255 255 255 255
0.0554369 -0.630761
1 0 0 0
1.0 0.0 0.0 0.0
-0.0357471 0.0124559 0.00654543
-0.156513 -0.0359367 0.987022
255 255 255 255
0.047935 -0.501522
1 0 0 0
1.0 0.0 0.0 0.0
-0.031315 0.0139136 0.00730206
-0.165161 -0.0361428 0.985604
255 255 255 255
0.0807974 -0.512092
1 0 0 0
1.0 0.0 0.0 0.0
-0.030331 -0.00514213 0.00672837
-0.242901 -0.0417201 0.969154
255 255 255 255
0.0858773 -0.371385
1 0 0 0
1.0 0.0 0.0 0.0
-0.0265705 -0.00206282 0.00790144
-0.265487 -0.0427062 0.963168
255 255 255 255
0.114614 -0.394146
1 0 0 0
1.0 0.0 0.0 0.0
-0.0214493 0.065493 0.0103405
-0.165818 0.0619163 0.984211
255 255 255 255
0.159664 -0.893369
1 0 0 0
1.0 0.0 0.0 0.0
-0.0206459 0.0712666 0.00999979
-0.166681 0.0811844 0.982663
255 255 255 255
0.164695 -0.935809
1 0 0 0
1.0 0.0 0.0 0.0
-0.0110084 0.0762335 0.0111686
-0.082957 0.0190193 0.996372
255 255 255 255
0.235696 -0.972104
1 0 0 0
1.0 0.0 0.0 0.0
-0.00943471 0.0708026 0.0113572
-0.0740018 0.013189 0.997171
255 255 255 255
0.247351 -0.932222
1 0 0 0
1.0 0.0 0.0 0.0
-1.91952e-005 0.0725211 0.0118883
0.0 0.00649115 0.999979
255 255 255 255
0.316935 -0.944827
1 0 0 0
1.0 0.0 0.0 0.0
-1.91952e-005 0.0778532 0.0118774
0.0 0.0020383 0.999998
255 255 255 255
0.316935 -0.984151
1 0 0 0
1.0 0.0 0.0 0.0
0.01097 0.0762335 0.0111686
0.0829554 0.0190194 0.996372
255 255 255 255
0.398197 -0.972101
1 0 0 0
1.0 0.0 0.0 0.0
0.00939632 0.0708026 0.0113572
0.0740005 0.0131893 0.997171
255 255 255 255
0.386541 -0.932221
1 0 0 0
1.0 0.0 0.0 0.0
0.0214109 0.0654929 0.0103406
0.165815 0.0619152 0.984211
255 255 255 255
0.474226 -0.893365
1 0 0 0
1.0 0.0 0.0 0.0
0.0206075 0.0712666 0.00999983
0.166677 0.0811831 0.982664
255 255 255 255
0.469196 -0.935805
1 0 0 0
1.0 0.0 0.0 0.0
0.0309712 0.0678028 0.00840919
0.187081 0.0273716 0.981963
255 255 255 255
0.546134 -0.909251
1 0 0 0
1.0 0.0 0.0 0.0
0.0369262 0.0607223 0.00737841
0.174987 0.00100046 0.98457
255 255 255 255
0.590342 -0.856226
1 0 0 0
1.0 0.0 0.0 0.0
0.0413349 0.06525 0.00658489
0.176304 0.000846665 0.984335
255 255 255 255
0.623561 -0.889988
1 0 0 0
1.0 0.0 0.0 0.0
0.040925 0.0476519 0.00662078
0.128446 -0.0145482 0.99161
255 255 255 255
0.622679 -0.759304
1 0 0 0
1.0 0.0 0.0 0.0
0.0362971 0.0475036 0.00718898
0.12483 -0.0155847 0.992056
255 255 255 255
0.58843 -0.757629
1 0 0 0
1.0 0.0 0.0 0.0
0.0388571 0.0300539 0.00665668
0.152659 -0.0199915 0.988077
255 255 255 255
0.608595 -0.630283
1 0 0 0
1.0 0.0 0.0 0.0
0.0347953 0.0301356 0.00729795
0.15566 -0.0216833 0.987573
255 255 255 255
0.578449 -0.63076
1 0 0 0
1.0 0.0 0.0 0.0
0.0357087 0.0124559 0.00654548
0.156512 -0.0359367 0.987022
255 255 255 255
0.58595 -0.501521
1 0 0 0
1.0 0.0 0.0 0.0
0.0312766 0.0139136 0.00730211
0.16516 -0.0361427 0.985604
255 255 255 255
0.553088 -0.512091
1 0 0 0
1.0 0.0 0.0 0.0
0.0302926 -0.00514213 0.00672843
0.242897 -0.0417198 0.969155
255 255 255 255
0.547988 -0.371383
1 0 0 0
1.0 0.0 0.0 0.0
0.0265321 -0.00206282 0.00790148
0.265482 -0.0427059 0.96317
255 255 255 255
0.519252 -0.394144
1 0 0 0
1.0 0.0 0.0 0.0
-0.0394905 0.047689 0.00233785
0.18516 0.0107063 -0.98265
255 255 255 255
0.97731 -0.62617
1 0 0 0
1.0 0.0 0.0 0.0
-0.0208078 0.0483574 0.00586552
0.157173 0.0132257 -0.987483
255 255 255 255
0.865334 -0.630546
1 0 0 0
1.0 0.0 0.0 0.0
-0.0378908 0.0301597 0.00239485
0.171237 0.0270848 -0.984858
255 255 255 255
0.967396 -0.523037
1 0 0 0
1.0 0.0 0.0 0.0
-0.0405273 0.0652387 0.00228286
0.179526 0.000931145 -0.983753
255 255 255 255
0.983674 -0.729506
1 0 0 0
1.0 0.0 0.0 0.0
-0.0350157 0.0126732 0.00230687
0.150867 0.038857 -0.98779
255 255 255 255
0.949944 -0.420288
1 0 0 0
1.0 0.0 0.0 0.0
-0.0302093 0.0677888 0.00409885
0.166408 -0.00913332 -0.986015
255 255 255 255
0.921872 -0.744743
1 0 0 0
1.0 0.0 0.0 0.0
-0.0198913 0.0712498 0.00568123
0.145588 -0.0193473 -0.989156
255 255 255 255
0.860242 -0.765222
1 0 0 0
1.0 0.0 0.0 0.0
-1.91907e-005 0.0529442 0.00889233
0.125913 0.00223048 -0.992039
255 255 255 255
0.742011 -0.657722
1 0 0 0
1.0 0.0 0.0 0.0
-0.0104926 0.0761423 0.00681129
0.106295 -0.0411327 -0.993484
255 255 255 255
0.804176 -0.79409
1 0 0 0
1.0 0.0 0.0 0.0
-1.91907e-005 0.0778563 0.00749269
0.0739341 -0.055941 -0.995693
255 255 255 255
0.742011 -0.804101
1 0 0 0
1.0 0.0 0.0 0.0
-0.0150318 0.00600513 0.0050629
0.132456 0.0447582 -0.990178
255 255 255 255
0.831089 -0.380064
1 0 0 0
1.0 0.0 0.0 0.0
-1.91952e-005 0.0124471 0.00671827
0.0867749 0.0534051 -0.994795
255 255 255 255
0.742011 -0.417986
1 0 0 0
1.0 0.0 0.0 0.0
-0.025733 -0.00183142 0.00304216
0.137292 0.0376864 -0.989814
255 255 255 255
0.895138 -0.333837
1 0 0 0
1.0 0.0 0.0 0.0
-0.0291833 -0.00482332 0.00252137
0.124317 0.0292816 -0.99181
255 255 255 255
0.915671 -0.31622
1 0 0 0
1.0 0.0 0.0 0.0
-0.0357471 0.0124559 0.00654543
-0.956943 -0.226858 -0.181097
255 255 255 255
0.664257 -0.591275
1 0 0 0
1.0 0.0 0.0 0.0
-0.0350157 0.0126732 0.00230687
-0.956503 -0.22638 -0.183996
255 255 255 255
0.709882 -0.591275
1 0 0 0
1.0 0.0 0.0 0.0
-0.030331 -0.00514213 0.00672837
-0.916591 -0.305146 -0.258354
255 255 255 255
0.664257 -0.454819
1 0 0 0
1.0 0.0 0.0 0.0
-0.0378908 0.0301597 0.00239485
-0.965425 -0.129015 -0.226514
255 255 255 255
0.709882 -0.722695
1 0 0 0
1.0 0.0 0.0 0.0
-0.0291833 -0.00482332 0.00252137
-0.911892 -0.30731 -0.272053
255 255 255 255
0.709882 -0.454819
1 0 0 0
1.0 0.0 0.0 0.0
-0.0388955 0.0300539 0.00665659
-0.96232 -0.131169 -0.23819
255 255 255 255
0.664257 -0.723083
1 0 0 0
1.0 0.0 0.0 0.0
-0.0394905 0.047689 0.00233785
-0.944635 -0.0825253 -0.317576
255 255 255 255
0.709882 -0.853446
1 0 0 0
1.0 0.0 0.0 0.0
-0.0409634 0.047652 0.00662071
-0.945762 -0.0811407 -0.314565
255 255 255 255
0.664257 -0.853446
1 0 0 0
1.0 0.0 0.0 0.0
-0.0405273 0.0652387 0.00228286
-0.976367 -0.0286294 -0.214214
255 255 255 255
0.709882 -0.98344
1 0 0 0
1.0 0.0 0.0 0.0
-0.0413732 0.06525 0.00658482
-0.980957 -0.0232412 -0.19283
255 255 255 255
0.664257 -0.98344
1 0 0 0
1.0 0.0 0.0 0.0
-0.0302093 0.0677888 0.00409885
-0.270875 0.961149 -0.0530925
255 255 255 255
0.648482 -0.134433
1 0 0 0
1.0 0.0 0.0 0.0
-0.0405273 0.0652387 0.00228286
-0.231196 0.971745 -0.0475391
255 255 255 255
0.648482 -0.0295348
1 0 0 0
1.0 0.0 0.0 0.0
-0.0310096 0.0678029 0.00840914
-0.269672 0.961468 -0.0534424
255 255 255 255
0.605885 -0.134433
1 0 0 0
1.0 0.0 0.0 0.0
-0.0413732 0.06525 0.00658482
-0.230938 0.971786 -0.0479566
255 255 255 255
0.605885 -0.0295348
1 0 0 0
1.0 0.0 0.0 0.0
-0.0206459 0.0712666 0.00999979
-0.380179 0.922327 -0.0691078
255 255 255 255
0.605885 -0.241525
1 0 0 0
1.0 0.0 0.0 0.0
-0.0198913 0.0712498 0.00568123
-0.383559 0.920813 -0.0706171
255 255 255 255
0.648482 -0.241525
1 0 0 0
1.0 0.0 0.0 0.0
-0.0104926 0.0761423 0.00681129
-0.30671 0.950068 -0.0574494
255 255 255 255
0.648482 -0.346366
1 0 0 0
1.0 0.0 0.0 0.0
-0.0110084 0.0762335 0.0111686
-0.308422 0.949854 -0.0515178
255 255 255 255
0.605885 -0.346366
1 0 0 0
1.0 0.0 0.0 0.0
-1.91907e-005 0.0778563 0.00749269
-0.148942 0.988807 -0.00874176
255 255 255 255
0.648482 -0.452036
1 0 0 0
1.0 0.0 0.0 0.0
-1.91952e-005 0.0778532 0.0118774
-0.145861 0.989305 0.000687034
255 255 255 255
0.605885 -0.452036
1 0 0 0
1.0 0.0 0.0 0.0
-0.0312173 0.0139704 0.0064365
0.960858 0.247415 0.124654
255 255 255 255
0.0868824 -0.513982
1 0 0 0
1.0 0.0 0.0 0.0
-0.031315 0.0139136 0.00730206
0.960079 0.25058 0.124327
255 255 255 255
0.0807974 -0.512092
1 0 0 0
1.0 0.0 0.0 0.0
-0.0264829 -0.00205257 0.00703506
0.952742 0.286659 0.10055
255 255 255 255
0.120606 -0.396304
1 0 0 0
1.0 0.0 0.0 0.0
-0.0265705 -0.00206282 0.00790144
0.952821 0.286697 0.0996867
255 255 255 255
0.114614 -0.394146
1 0 0 0
1.0 0.0 0.0 0.0
-0.0347461 0.0301458 0.00643153
0.98359 0.148933 0.101832
255 255 255 255
0.0617768 -0.631727
1 0 0 0
1.0 0.0 0.0 0.0
-0.0348336 0.0301356 0.0072979
0.983661 0.148919 0.101159
255 255 255 255
0.0554369 -0.630761
1 0 0 0
1.0 0.0 0.0 0.0
-0.031315 0.0139136 0.00730206
0.972297 0.210925 0.100742
255 255 255 255
0.0807974 -0.512092
1 0 0 0
1.0 0.0 0.0 0.0
-0.0363355 0.0475036 0.00718891
0.990715 0.0664022 0.118636
255 255 255 255
0.0454562 -0.757633
1 0 0 0
1.0 0.0 0.0 0.0
-0.036234 0.0475415 0.00632573
0.990691 0.0656245 0.119271
255 255 255 255
0.0516384 -0.758038
1 0 0 0
1.0 0.0 0.0 0.0
-0.036877 0.0607326 0.00651199
0.993754 0.0458886 0.101722
255 255 255 255
0.0475461 -0.853211
1 0 0 0
1.0 0.0 0.0 0.0
-0.0369646 0.0607224 0.00737836
0.99383 0.0458543 0.100989
255 255 255 255
0.0435473 -0.856232
1 0 0 0
1.0 0.0 0.0 0.0
-0.0214493 0.065493 0.0103405
0.34805 -0.937166 0.0241
255 255 255 255
0.159664 -0.893369
1 0 0 0
1.0 0.0 0.0 0.0
-0.0369646 0.0607224 0.00737836
0.290696 -0.956645 0.0180631
255 255 255 255
0.0435473 -0.856232
1 0 0 0
1.0 0.0 0.0 0.0
-0.036877 0.0607326 0.00651199
0.290696 -0.956645 0.0180635
255 255 255 255
0.0475461 -0.853211
1 0 0 0
1.0 0.0 0.0 0.0
-0.0213617 0.0655032 0.00947417
0.345881 -0.937975 0.0238714
255 255 255 255
0.161757 -0.887562
1 0 0 0
1.0 0.0 0.0 0.0
-0.00943471 0.0708026 0.0113572
0.294927 -0.95534 0.0185147
255 255 255 255
0.247351 -0.932222
1 0 0 0
1.0 0.0 0.0 0.0
-0.00934715 0.0708129 0.0104908
0.290348 -0.956761 0.0175081
255 255 255 255
0.249308 -0.92619
1 0 0 0
1.0 0.0 0.0 0.0
-1.91952e-005 0.0725211 0.0118883
4.54352e-007 -0.999943 -0.0106878
255 255 255 255
0.316935 -0.944827
1 0 0 0
1.0 0.0 0.0 0.0
-1.91952e-005 0.0725313 0.0110219
5.13022e-007 -0.999931 -0.0117877
255 255 255 255
0.316935 -0.938563
1 0 0 0
1.0 0.0 0.0 0.0
0.00930877 0.0708129 0.0104908
-0.290352 -0.95676 0.0174778
255 255 255 255
0.384583 -0.926189
1 0 0 0
1.0 0.0 0.0 0.0
0.00939632 0.0708026 0.0113572
-0.294931 -0.95534 0.0184839
255 255 255 255
0.386541 -0.932221
1 0 0 0
1.0 0.0 0.0 0.0
0.0213233 0.0655032 0.00947419
-0.345883 -0.937974 0.0238575
255 255 255 255
0.472134 -0.887558
1 0 0 0
1.0 0.0 0.0 0.0
0.0214109 0.0654929 0.0103406
-0.348052 -0.937166 0.0240868
255 255 255 255
0.474226 -0.893365
1 0 0 0
1.0 0.0 0.0 0.0
0.0368387 0.0607326 0.00651205
-0.290695 -0.956645 0.0180694
255 255 255 255
0.586343 -0.853206
1 0 0 0
1.0 0.0 0.0 0.0
0.0369262 0.0607223 0.00737841
-0.290695 -0.956645 0.0180698
255 255 255 255
0.590342 -0.856226
1 0 0 0
1.0 0.0 0.0 0.0
-0.0264829 -0.00205257 0.00703506
0.61251 -0.787546 0.0678483
255 255 255 255
0.779094 -0.947068
1 0 0 0
1.0 0.0 0.0 0.0
-0.030331 -0.00514213 0.00672837
0.617734 -0.77961 0.103021
255 255 255 255
0.747243 -0.939882
1 0 0 0
1.0 0.0 0.0 0.0
-0.0291833 -0.00482332 0.00252137
0.630042 -0.770592 0.0961021
255 255 255 255
0.747243 -0.976661
1 0 0 0
1.0 0.0 0.0 0.0
-0.0265705 -0.00206282 0.00790144
0.622562 -0.780727 0.0536818
255 255 255 255
0.779094 -0.939882
1 0 0 0
1.0 0.0 0.0 0.0
-0.025733 -0.00183142 0.00304216
0.613512 -0.786427 0.0716642
255 255 255 255
0.779094 -0.976661
1 0 0 0
1.0 0.0 0.0 0.0
-0.0150318 0.00600513 0.0050629
0.495277 -0.868425 0.0232034
255 255 255 255
0.871591 -0.976661
1 0 0 0
1.0 0.0 0.0 0.0
-0.0151059 0.00607553 0.0101875
0.478936 -0.877669 0.0178371
255 255 255 255
0.871591 -0.947068
1 0 0 0
1.0 0.0 0.0 0.0
-1.91952e-005 0.0124471 0.00671827
0.390655 -0.9205 0.00827811
255 255 255 255
0.98137 -0.976661
1 0 0 0
1.0 0.0 0.0 0.0
-1.91952e-005 0.012477 0.0113046
0.390218 -0.920703 0.00600063
255 255 255 255
0.98137 -0.947068
1 0 0 0
1.0 0.0 0.0 0.0
-1.92135e-005 -0.0544856 0.0112734
-8.69666e-007 -0.0625576 0.998041
255 255 255 255
0.316935 -0.00725916
2 0 0 0
1.0 0.0 0.0 0.0
-0.00643914 -0.0412137 0.0109628
-0.291629 -0.107232 0.950502
255 255 255 255
0.367995 -0.105371
2 0 0 0
1.0 0.0 0.0 0.0
-0.00932431 -0.0436823 0.00972336
-0.304099 -0.114542 0.945729
255 255 255 255
0.390733 -0.0863083
2 0 0 0
1.0 0.0 0.0 0.0
-0.0138805 -0.0291074 0.00986421
-0.303563 -0.0782595 0.949592
255 255 255 255
0.424206 -0.193795
2 0 0 0
1.0 0.0 0.0 0.0
-1.92135e-005 -0.0486276 0.0114122
-1.9141e-007 -0.0236918 0.999719
255 255 255 255
0.316935 -0.0501025
2 0 0 0
1.0 0.0 0.0 0.0
-0.0167344 -0.032091 0.00871757
-0.28756 -0.0804506 0.954378
255 255 255 255
0.446536 -0.171461
2 0 0 0
1.0 0.0 0.0 0.0
-0.020746 -0.0165812 0.00841318
-0.222368 -0.0465421 0.973851
255 255 255 255
0.476395 -0.285873
2 0 0 0
1.0 0.0 0.0 0.0
-0.0242145 -0.0190779 0.00753612
-0.215997 -0.0425988 0.975464
255 255 255 255
0.502678 -0.267301
2 0 0 0
1.0 0.0 0.0 0.0
-0.0265705 -0.00206278 0.00790142
-0.210765 -0.0501433 0.97625
255 255 255 255
0.519252 -0.394144
2 0 0 0
1.0 0.0 0.0 0.0
0.00640073 -0.0412137 0.0109628
0.291625 -0.107231 0.950503
255 255 255 255
0.265851 -0.105371
2 0 0 0
1.0 0.0 0.0 0.0
0.0092859 -0.0436823 0.00972338
0.304096 -0.114541 0.945731
255 255 255 255
0.243113 -0.0863069
2 0 0 0
1.0 0.0 0.0 0.0
0.0138421 -0.0291073 0.00986424
0.303566 -0.0782613 0.949591
255 255 255 255
0.209639 -0.193795
2 0 0 0
1.0 0.0 0.0 0.0
0.016696 -0.032091 0.00871758
0.287562 -0.0804525 0.954377
255 255 255 255
0.187309 -0.171461
2 0 0 0
1.0 0.0 0.0 0.0
0.0207076 -0.0165812 0.00841321
0.222365 -0.0465415 0.973852
255 255 255 255
0.157451 -0.285875
2 0 0 0
1.0 0.0 0.0 0.0
0.0241761 -0.0190779 0.00753618
0.215993 -0.0425982 0.975465
255 255 255 255
0.131167 -0.267303
2 0 0 0
1.0 0.0 0.0 0.0
0.0265321 -0.00206278 0.00790146
0.210762 -0.0501418 0.976251
255 255 255 255
0.114614 -0.394146
2 0 0 0
1.0 0.0 0.0 0.0
-0.030331 -0.00514208 0.00672837
-0.2552 -0.0560601 0.965262
255 255 255 255
0.547988 -0.371383
2 0 0 0
1.0 0.0 0.0 0.0
-0.0242145 -0.0190779 0.00753612
-0.2552 -0.05606 0.965262
255 255 255 255
0.502678 -0.267301
2 0 0 0
1.0 0.0 0.0 0.0
-0.0265705 -0.00206278 0.00790142
-0.2552 -0.0560601 0.965262
255 255 255 255
0.519252 -0.394144
2 0 0 0
1.0 0.0 0.0 0.0
0.0241761 -0.0190779 0.00753618
0.255197 -0.0560587 0.965263
255 255 255 255
0.131167 -0.267303
2 0 0 0
1.0 0.0 0.0 0.0
0.0302926 -0.00514208 0.00672843
0.255197 -0.0560587 0.965263
255 255 255 255
0.0858773 -0.371385
2 0 0 0
1.0 0.0 0.0 0.0
0.0265321 -0.00206278 0.00790146
0.255197 -0.0560587 0.965263
255 255 255 255
0.114614 -0.394146
2 0 0 0
1.0 0.0 0.0 0.0
-0.00678489 -0.0255266 0.0105243
-0.164984 -0.0198633 0.986096
255 255 255 255
0.366959 -0.223669
2 0 0 0
1.0 0.0 0.0 0.0
-0.013793 -0.0290971 0.00899784
-0.204623 -0.016774 0.978697
255 255 255 255
0.418874 -0.197321
2 0 0 0
1.0 0.0 0.0 0.0
-0.00635159 -0.0412035 0.0100964
-0.164673 -0.0473997 0.985209
255 255 255 255
0.363307 -0.109424
2 0 0 0
1.0 0.0 0.0 0.0
-1.92043e-005 -0.0382941 0.0112581
-2.63624e-006 -0.0411973 0.999151
255 255 255 255
0.316935 -0.130725
2 0 0 0
1.0 0.0 0.0 0.0
-1.92135e-005 -0.0486174 0.0105459
-2.9269e-006 -0.0688275 0.997629
255 255 255 255
0.316935 -0.0563069
2 0 0 0
1.0 0.0 0.0 0.0
-0.0206585 -0.016571 0.00754681
-0.236799 -0.049977 0.970272
255 255 255 255
0.470746 -0.288854
2 0 0 0
1.0 0.0 0.0 0.0
-0.0115955 -0.0105149 0.0101796
-0.167225 -0.0325824 0.98538
255 255 255 255
0.40245 -0.333673
2 0 0 0
1.0 0.0 0.0 0.0
-0.0264829 -0.00205252 0.00703506
-0.235928 -0.0545256 0.97024
255 255 255 255
0.51326 -0.396302
2 0 0 0
1.0 0.0 0.0 0.0
-1.92043e-005 -0.024108 0.0113389
-2.35189e-006 -0.00536308 0.999986
255 255 255 255
0.316935 -0.234088
2 0 0 0
1.0 0.0 0.0 0.0
-1.92043e-005 -0.00695509 0.0111803
-9.49671e-007 -0.00366121 0.999993
255 255 255 255
0.316935 -0.35984
2 0 0 0
1.0 0.0 0.0 0.0
-0.015106 0.00607559 0.0101875
-0.138465 -0.0262907 0.990018
255 255 255 255
0.427632 -0.456057
2 0 0 0
1.0 0.0 0.0 0.0
-1.92043e-005 0.012477 0.0113046
0.0 -0.00639881 0.99998
255 255 255 255
0.316935 -0.502775
2 0 0 0
1.0 0.0 0.0 0.0
0.00631317 -0.0412034 0.0100965
0.164669 -0.0473999 0.985209
255 255 255 255
0.27054 -0.109423
2 0 0 0
1.0 0.0 0.0 0.0
0.00674648 -0.0255266 0.0105243
0.164983 -0.0198637 0.986096
255 255 255 255
0.266886 -0.223669
2 0 0 0
1.0 0.0 0.0 0.0
0.0137546 -0.0290971 0.00899784
0.204627 -0.0167766 0.978696
255 255 255 255
0.214971 -0.197321
2 0 0 0
1.0 0.0 0.0 0.0
0.02062 -0.016571 0.00754685
0.236799 -0.0499778 0.970272
255 255 255 255
0.163099 -0.288856
2 0 0 0
1.0 0.0 0.0 0.0
0.0115571 -0.0105149 0.0101796
0.167224 -0.0325813 0.98538
255 255 255 255
0.231396 -0.333674
2 0 0 0
1.0 0.0 0.0 0.0
0.0264445 -0.00205255 0.0070351
0.235927 -0.054524 0.97024
255 255 255 255
0.120606 -0.396304
2 0 0 0
1.0 0.0 0.0 0.0
0.0150675 0.0060756 0.0101875
0.138464 -0.026289 0.990018
255 255 255 255
0.206235 -0.456058
2 0 0 0
1.0 0.0 0.0 0.0
-0.00818667 -0.0434141 0.00550891
0.180818 0.013997 -0.983417
255 255 255 255
0.791484 -0.0878122
2 0 0 0
1.0 0.0 0.0 0.0
-1.92043e-005 -0.0166771 0.00739119
0.164285 0.0075809 -0.986384
255 255 255 255
0.742011 -0.244915
2 0 0 0
1.0 0.0 0.0 0.0
-1.92043e-005 -0.0542771 0.00689429
0.183986 0.0129889 -0.982843
255 255 255 255
0.742011 -0.0239322
2 0 0 0
1.0 0.0 0.0 0.0
-0.0154859 -0.03138 0.00443161
0.172689 0.0165802 -0.984837
255 255 255 255
0.834864 -0.158627
2 0 0 0
1.0 0.0 0.0 0.0
-0.0230109 -0.0189738 0.00332098
0.170489 0.0129755 -0.985274
255 255 255 255
0.879541 -0.231657
2 0 0 0
1.0 0.0 0.0 0.0
-0.025733 -0.00183135 0.00304218
0.16402 0.0111319 -0.986394
255 255 255 255
0.895138 -0.333837
2 0 0 0
1.0 0.0 0.0 0.0
-0.0150318 0.00600517 0.0050629
0.148712 -0.00307844 -0.988876
255 255 255 255
0.831089 -0.380064
2 0 0 0
1.0 0.0 0.0 0.0
-1.92043e-005 0.0124471 0.00671827
0.119289 -0.022934 -0.992595
255 255 255 255
0.742011 -0.417986
2 0 0 0
1.0 0.0 0.0 0.0
-0.0291833 -0.00482328 0.00252137
0.143569 0.00670363 -0.989618
255 255 255 255
0.915671 -0.31622
2 0 0 0
1.0 0.0 0.0 0.0
-0.00818667 -0.0434141 0.00550891
-0.779084 -0.584646 -0.226314
255 255 255 255
0.709882 -0.128862
2 0 0 0
1.0 0.0 0.0 0.0
-1.92043e-005 -0.0542771 0.00689429
1.5008e-006 -0.998868 -0.0475778
255 255 255 255
0.709882 -0.0247939
2 0 0 0
1.0 0.0 0.0 0.0
-1.92135e-005 -0.0544856 0.0112734
1.26227e-007 -0.99324 -0.116075
255 255 255 255
0.664257 -0.0247939
2 0 0 0
1.0 0.0 0.0 0.0
-0.00932431 -0.0436823 0.00972336
-0.768411 -0.588286 -0.251919
255 255 255 255
0.664257 -0.128862
2 0 0 0
1.0 0.0 0.0 0.0
-0.0154859 -0.03138 0.00443161
-0.795501 -0.519922 -0.311221
255 255 255 255
0.709882 -0.231953
2 0 0 0
1.0 0.0 0.0 0.0
-0.0167344 -0.032091 0.00871757
-0.795084 -0.520654 -0.311064
255 255 255 255
0.664257 -0.231953
2 0 0 0
1.0 0.0 0.0 0.0
-0.0230109 -0.0189738 0.00332098
-0.852512 -0.452412 -0.261814
255 255 255 255
0.709882 -0.341359
2 0 0 0
1.0 0.0 0.0 0.0
-0.0242145 -0.0190779 0.00753612
-0.856201 -0.448541 -0.25638
255 255 255 255
0.664257 -0.341359
2 0 0 0
1.0 0.0 0.0 0.0
-0.0291833 -0.00482328 0.00252137
-0.876617 -0.399781 -0.267802
255 255 255 255
0.709882 -0.454819
2 0 0 0
1.0 0.0 0.0 0.0
-0.030331 -0.00514208 0.00672837
-0.876014 -0.400098 -0.269299
255 255 255 255
0.664257 -0.454819
2 0 0 0
1.0 0.0 0.0 0.0
0.00814825 -0.043414 0.00550893
0.779082 -0.584646 -0.226319
255 255 255 255
0.709882 -0.128862
2 0 0 0
1.0 0.0 0.0 0.0
0.0092859 -0.0436823 0.00972338
0.768409 -0.588287 -0.251925
255 255 255 255
0.664257 -0.128862
2 0 0 0
1.0 0.0 0.0 0.0
0.0154475 -0.03138 0.00443164
0.795501 -0.519922 -0.311223
255 255 255 255
0.709882 -0.231953
2 0 0 0
1.0 0.0 0.0 0.0
0.016696 -0.032091 0.00871758
0.795084 -0.520654 -0.311065
255 255 255 255
0.664257 -0.231953
2 0 0 0
1.0 0.0 0.0 0.0
0.0229724 -0.0189738 0.00332102
0.852512 -0.452412 -0.261813
255 255 255 255
0.709882 -0.341359
2 0 0 0
1.0 0.0 0.0 0.0
0.0241761 -0.0190779 0.00753618
0.856201 -0.448541 -0.256379
255 255 255 255
0.664257 -0.341359
2 0 0 0
1.0 0.0 0.0 0.0
0.0291449 -0.00482327 0.00252142
0.876618 -0.399781 -0.2678
255 255 255 255
0.709882 -0.454819
2 0 0 0
1.0 0.0 0.0 0.0
0.0302926 -0.00514208 0.00672843
0.876015 -0.400097 -0.269296
255 255 255 255
0.664257 -0.454819
2 0 0 0
1.0 0.0 0.0 0.0
-0.00635159 -0.0412035 0.0100964
0.802557 0.59004 0.0880605
255 255 255 255
0.363307 -0.109424
2 0 0 0
1.0 0.0 0.0 0.0
-0.00643914 -0.0412137 0.0109628
0.803195 0.589163 0.0881144
255 255 255 255
0.367995 -0.105371
2 0 0 0
1.0 0.0 0.0 0.0
-1.92135e-005 -0.0486174 0.0105459
0.755188 0.650106 0.0839823
255 255 255 255
0.316935 -0.0563069
2 0 0 0
1.0 0.0 0.0 0.0
-0.0138805 -0.0291074 0.00986421
0.856414 0.507928 0.0925428
255 255 255 255
0.424206 -0.193795
2 0 0 0
1.0 0.0 0.0 0.0
-0.013793 -0.0290971 0.00899784
0.85715 0.506674 0.0926027
255 255 255 255
0.418874 -0.197321
2 0 0 0
1.0 0.0 0.0 0.0
-0.020746 -0.0165812 0.00841318
0.896661 0.432247 0.0957212
255 255 255 255
0.476395 -0.285873
2 0 0 0
1.0 0.0 0.0 0.0
-0.0206585 -0.016571 0.00754681
0.89736 0.43078 0.0957747
255 255 255 255
0.470746 -0.288854
2 0 0 0
1.0 0.0 0.0 0.0
-0.0265705 -0.00206278 0.00790142
0.922471 0.373517 0.0976368
255 255 255 255
0.519252 -0.394144
2 0 0 0
1.0 0.0 0.0 0.0
-1.92135e-005 -0.0486276 0.0114122
0.755713 0.654857 0.00771288
255 255 255 255
0.316935 -0.0501025
2 0 0 0
1.0 0.0 0.0 0.0
-1.92135e-005 -0.0486174 0.0105459
0.755713 0.654857 0.00771288
255 255 255 255
0.316935 -0.0563069
2 0 0 0
1.0 0.0 0.0 0.0
-0.00643914 -0.0412137 0.0109628
0.755713 0.654857 0.00771288
255 255 255 255
0.367995 -0.105371
2 0 0 0
1.0 0.0 0.0 0.0
-0.0264829 -0.00205252 0.00703506
0.922469 0.373516 0.0976563
255 255 255 255
0.51326 -0.396302
2 0 0 0
1.0 0.0 0.0 0.0
-0.0265705 -0.00206278 0.00790142
0.922469 0.373516 0.0976563
255 255 255 255
0.519252 -0.394144
2 0 0 0
1.0 0.0 0.0 0.0
-0.0206585 -0.016571 0.00754681
0.922469 0.373516 0.0976563
255 255 255 255
0.470746 -0.288854
2 0 0 0
1.0 0.0 0.0 0.0
-0.0264829 -0.00205252 0.00703506
-0.608303 0.791377 -0.0607513
255 255 255 255
0.779094 -0.947068
2 0 0 0
1.0 0.0 0.0 0.0
-0.015106 0.00607559 0.0101875
-0.478936 0.877669 -0.0178407
255 255 255 255
0.871591 -0.947068
2 0 0 0
1.0 0.0 0.0 0.0
-0.0150318 0.00600517 0.0050629
-0.495277 0.868425 -0.0232066
255 255 255 255
0.871591 -0.976661
2 0 0 0
1.0 0.0 0.0 0.0
-0.025733 -0.00183135 0.00304218
-0.605517 0.791944 -0.0785748
255 255 255 255
0.779094 -0.976661
2 0 0 0
1.0 0.0 0.0 0.0
-0.030331 -0.00514208 0.00672837
-0.630617 0.770619 -0.0920273
255 255 255 255
0.747243 -0.939882
2 0 0 0
1.0 0.0 0.0 0.0
-0.0265705 -0.00206278 0.00790142
-0.622562 0.780728 -0.0536664
255 255 255 255
0.779094 -0.939882
2 0 0 0
1.0 0.0 0.0 0.0
-0.0291833 -0.00482328 0.00252137
-0.640472 0.758985 -0.11721
255 255 255 255
0.747243 -0.976661
2 0 0 0
1.0 0.0 0.0 0.0
-1.92043e-005 0.0124471 0.00671827
-0.390655 0.9205 -0.0082789
255 255 255 255
0.98137 -0.976661
2 0 0 0
1.0 0.0 0.0 0.0
-1.92043e-005 0.012477 0.0113046
-0.390217 0.920703 -0.0060007
255 255 255 255
0.98137 -0.947068
2 0 0 0
1.0 0.0 0.0 0.0
0.0207694 0.0483574 0.00586556
-0.157171 0.0132254 -0.987483
255 255 255 255
0.865334 -0.630546
1 0 0 0
1.0 0.0 0.0 0.0
0.0394522 0.0476889 0.00233791
-0.185159 0.0107062 -0.98265
255 255 255 255
0.97731 -0.62617
1 0 0 0
1.0 0.0 0.0 0.0
0.0378524 0.0301597 0.0023949
-0.171237 0.027084 -0.984858
255 255 255 255
0.967396 -0.523037
1 0 0 0
1.0 0.0 0.0 0.0
0.0404889 0.0652387 0.00228292
-0.179525 0.000931535 -0.983753
255 255 255 255
0.983674 -0.729506
1 0 0 0
1.0 0.0 0.0 0.0
0.0349773 0.0126732 0.00230694
-0.150865 0.0388568 -0.98779
255 255 255 255
0.949944 -0.420288
1 0 0 0
1.0 0.0 0.0 0.0
0.0301709 0.0677888 0.0040989
-0.166407 -0.00913318 -0.986015
255 255 255 255
0.921872 -0.744743
1 0 0 0
1.0 0.0 0.0 0.0
0.0198529 0.0712498 0.00568125
-0.145587 -0.0193471 -0.989156
255 255 255 255
0.860242 -0.765222
1 0 0 0
1.0 0.0 0.0 0.0
-1.91907e-005 0.0529442 0.00889233
-0.125911 0.00223042 -0.992039
255 255 255 255
0.742011 -0.657722
1 0 0 0
1.0 0.0 0.0 0.0
0.0104543 0.0761423 0.00681133
-0.106294 -0.0411317 -0.993484
255 255 255 255
0.804176 -0.79409
1 0 0 0
1.0 0.0 0.0 0.0
-1.91907e-005 0.0778563 0.00749269
-0.0739309 -0.055941 -0.995693
255 255 255 255
0.742011 -0.804101
1 0 0 0
1.0 0.0 0.0 0.0
0.0149934 0.00600513 0.00506294
-0.132454 0.0447581 -0.990178
255 255 255 255
0.831089 -0.380064
1 0 0 0
1.0 0.0 0.0 0.0
-1.91952e-005 0.0124471 0.00671827
-0.0867726 0.0534051 -0.994796
255 255 255 255
0.742011 -0.417986
1 0 0 0
1.0 0.0 0.0 0.0
0.0256947 -0.0018314 0.00304222
-0.13729 0.0376869 -0.989814
255 255 255 255
0.895138 -0.333837
1 0 0 0
1.0 0.0 0.0 0.0
0.0291449 -0.00482332 0.00252142
-0.124316 0.0292824 -0.991811
255 255 255 255
0.915671 -0.31622
1 0 0 0
1.0 0.0 0.0 0.0
0.0349773 0.0126732 0.00230694
0.956503 -0.22638 -0.183997
255 255 255 255
0.709882 -0.591275
1 0 0 0
1.0 0.0 0.0 0.0
0.0357087 0.0124559 0.00654548
0.956942 -0.226858 -0.181099
255 255 255 255
0.664257 -0.591275
1 0 0 0
1.0 0.0 0.0 0.0
0.0302926 -0.00514213 0.00672843
0.916591 -0.305146 -0.258354
255 255 255 255
0.664257 -0.454819
1 0 0 0
1.0 0.0 0.0 0.0
0.0378524 0.0301597 0.0023949
0.965426 -0.129015 -0.226514
255 255 255 255
0.709882 -0.722678
1 0 0 0
1.0 0.0 0.0 0.0
0.0291449 -0.00482332 0.00252142
0.911892 -0.30731 -0.272053
255 255 255 255
0.709882 -0.454819
1 0 0 0
1.0 0.0 0.0 0.0
0.0388571 0.0300539 0.00665668
0.96232 -0.131169 -0.238189
255 255 255 255
0.664257 -0.723065
1 0 0 0
1.0 0.0 0.0 0.0
0.0394522 0.0476889 0.00233791
0.944636 -0.0825253 -0.317573
255 255 255 255
0.709882 -0.853446
1 0 0 0
1.0 0.0 0.0 0.0
0.040925 0.0476519 0.00662078
0.945763 -0.0811408 -0.314561
255 255 255 255
0.664257 -0.853446
1 0 0 0
1.0 0.0 0.0 0.0
0.0404889 0.0652387 0.00228292
0.976368 -0.0286296 -0.214212
255 255 255 255
0.709882 -0.98344
1 0 0 0
1.0 0.0 0.0 0.0
0.0413349 0.06525 0.00658489
0.980957 -0.0232414 -0.192828
255 255 255 255
0.664257 -0.98344
1 0 0 0
1.0 0.0 0.0 0.0
0.0413349 0.06525 0.00658489
0.230936 0.971786 -0.0479579
255 255 255 255
0.605885 -0.0295348
1 0 0 0
1.0 0.0 0.0 0.0
0.0404889 0.0652387 0.00228292
0.231194 0.971745 -0.04754
255 255 255 255
0.648482 -0.0295348
1 0 0 0
1.0 0.0 0.0 0.0
0.0309712 0.0678028 0.00840919
0.269671 0.961468 -0.0534426
255 255 255 255
0.605885 -0.134433
1 0 0 0
1.0 0.0 0.0 0.0
0.0301709 0.0677888 0.0040989
0.270875 0.961149 -0.0530929
255 255 255 255
0.648482 -0.134433
1 0 0 0
1.0 0.0 0.0 0.0
0.0206075 0.0712666 0.00999983
0.380179 0.922327 -0.0691113
255 255 255 255
0.605885 -0.241525
1 0 0 0
1.0 0.0 0.0 0.0
0.0198529 0.0712498 0.00568125
0.383558 0.920813 -0.0706207
255 255 255 255
0.648482 -0.241525
1 0 0 0
1.0 0.0 0.0 0.0
0.0104543 0.0761423 0.00681133
0.306711 0.950067 -0.0574554
255 255 255 255
0.648482 -0.346366
1 0 0 0
1.0 0.0 0.0 0.0
0.01097 0.0762335 0.0111686
0.308423 0.949853 -0.0515231
255 255 255 255
0.605885 -0.346366
1 0 0 0
1.0 0.0 0.0 0.0
-1.91907e-005 0.0778563 0.00749269
0.148942 0.988807 -0.00874302
255 255 255 255
0.648482 -0.452036
1 0 0 0
1.0 0.0 0.0 0.0
-1.91952e-005 0.0778532 0.0118774
0.145861 0.989305 0.000687337
255 255 255 255
0.605885 -0.452036
1 0 0 0
1.0 0.0 0.0 0.0
0.0265321 -0.00206282 0.00790148
-0.952821 0.286697 0.0996846
255 255 255 255
0.519252 -0.394144
1 0 0 0
1.0 0.0 0.0 0.0
0.0312766 0.0139136 0.00730211
-0.960079 0.25058 0.124329
255 255 255 255
0.553088 -0.512091
1 0 0 0
1.0 0.0 0.0 0.0
0.0264445 -0.00205259 0.00703513
-0.952742 0.286659 0.100548
255 255 255 255
0.51326 -0.396302
1 0 0 0
1.0 0.0 0.0 0.0
0.0311789 0.0139704 0.00643657
-0.960857 0.247414 0.124656
255 255 255 255
0.547003 -0.513981
1 0 0 0
1.0 0.0 0.0 0.0
0.0347077 0.0301458 0.00643159
-0.98359 0.148932 0.101835
255 255 255 255
0.572109 -0.631725
1 0 0 0
1.0 0.0 0.0 0.0
0.0347953 0.0301356 0.00729795
-0.983661 0.14892 0.101162
255 255 255 255
0.578449 -0.63076
1 0 0 0
1.0 0.0 0.0 0.0
0.0312766 0.0139136 0.00730211
-0.972297 0.210924 0.100746
255 255 255 255
0.553088 -0.512091
1 0 0 0
1.0 0.0 0.0 0.0
0.0362971 0.0475036 0.00718898
-0.990716 0.0664018 0.118625
255 255 255 255
0.58843 -0.757629
1 0 0 0
1.0 0.0 0.0 0.0
0.0361957 0.0475414 0.00632579
-0.990692 0.0656253 0.11926
255 255 255 255
0.582248 -0.758034
1 0 0 0
1.0 0.0 0.0 0.0
0.0368387 0.0607326 0.00651205
-0.993755 0.0458888 0.101711
255 255 255 255
0.586343 -0.853206
1 0 0 0
1.0 0.0 0.0 0.0
0.0369262 0.0607223 0.00737841
-0.993831 0.0458544 0.100979
255 255 255 255
0.590342 -0.856226
1 0 0 0
1.0 0.0 0.0 0.0
0.0302926 -0.00514213 0.00672843
-0.61773 -0.779613 0.103022
255 255 255 255
0.747243 -0.939882
1 0 0 0
1.0 0.0 0.0 0.0
0.0264445 -0.00205259 0.00703513
-0.612509 -0.787546 0.0678503
255 255 255 255
0.779094 -0.947068
1 0 0 0
1.0 0.0 0.0 0.0
0.0291449 -0.00482332 0.00252142
-0.630042 -0.770592 0.0960979
255 255 255 255
0.747243 -0.976661
1 0 0 0
1.0 0.0 0.0 0.0
0.0265321 -0.00206282 0.00790148
-0.622558 -0.780729 0.0537
255 255 255 255
0.779094 -0.939882
1 0 0 0
1.0 0.0 0.0 0.0
0.0256947 -0.0018314 0.00304222
-0.613514 -0.786426 0.0716557
255 255 255 255
0.779094 -0.976661
1 0 0 0
1.0 0.0 0.0 0.0
0.0149934 0.00600513 0.00506294
-0.495277 -0.868425 0.0232053
255 255 255 255
0.871591 -0.976661
1 0 0 0
1.0 0.0 0.0 0.0
0.0150675 0.00607555 0.0101875
-0.478936 -0.877668 0.0178399
255 255 255 255
0.871591 -0.947068
1 0 0 0
1.0 0.0 0.0 0.0
-1.91952e-005 0.0124471 0.00671827
-0.390655 -0.9205 0.00827876
255 255 255 255
0.98137 -0.976661
1 0 0 0
1.0 0.0 0.0 0.0
-1.91952e-005 0.012477 0.0113046
-0.390217 -0.920704 0.0060007
255 255 255 255
0.98137 -0.947068
1 0 0 0
1.0 0.0 0.0 0.0
-1.92043e-005 -0.0166771 0.00739119
-0.164284 0.00758061 -0.986384
255 255 255 255
0.742011 -0.244915
2 0 0 0
1.0 0.0 0.0 0.0
0.00814825 -0.043414 0.00550893
-0.180816 0.0139971 -0.983417
255 255 255 255
0.791484 -0.0878122
2 0 0 0
1.0 0.0 0.0 0.0
-1.92043e-005 -0.0542771 0.00689429
-0.183985 0.0129889 -0.982843
255 255 255 255
0.742011 -0.0239322
2 0 0 0
1.0 0.0 0.0 0.0
0.0154475 -0.03138 0.00443164
-0.172687 0.0165799 -0.984837
255 255 255 255
0.834864 -0.158627
2 0 0 0
1.0 0.0 0.0 0.0
0.0229724 -0.0189738 0.00332102
-0.170487 0.0129743 -0.985275
255 255 255 255
0.879541 -0.231657
2 0 0 0
1.0 0.0 0.0 0.0
0.0256946 -0.00183135 0.0030422
-0.164017 0.011131 -0.986395
255 255 255 255
0.895138 -0.333837
2 0 0 0
1.0 0.0 0.0 0.0
0.0149934 0.00600517 0.00506292
-0.148711 -0.00307807 -0.988876
255 255 255 255
0.831089 -0.380064
2 0 0 0
1.0 0.0 0.0 0.0
-1.92043e-005 0.0124471 0.00671827
-0.119288 -0.022934 -0.992595
255 255 255 255
0.742011 -0.417986
2 0 0 0
1.0 0.0 0.0 0.0
0.0291449 -0.00482327 0.00252142
-0.143561 0.00670126 -0.989619
255 255 255 255
0.915671 -0.31622
2 0 0 0
1.0 0.0 0.0 0.0
-1.92135e-005 -0.0486276 0.0114122
-0.755712 0.654859 0.0077129
255 255 255 255
0.316935 -0.0501025
2 0 0 0
1.0 0.0 0.0 0.0
0.00640073 -0.0412137 0.0109628
-0.755712 0.654859 0.0077129
255 255 255 255
0.265851 -0.105371
2 0 0 0
1.0 0.0 0.0 0.0
-1.92135e-005 -0.0486174 0.0105459
-0.755712 0.654859 0.0077129
255 255 255 255
0.316935 -0.0563069
2 0 0 0
1.0 0.0 0.0 0.0
0.00631317 -0.0412034 0.0100965
-0.802555 0.59004 0.0880846
255 255 255 255
0.27054 -0.109423
2 0 0 0
1.0 0.0 0.0 0.0
-1.92135e-005 -0.0486174 0.0105459
-0.755185 0.650106 0.0840074
255 255 255 255
0.316935 -0.0563069
2 0 0 0
1.0 0.0 0.0 0.0
0.00640073 -0.0412137 0.0109628
-0.803193 0.589163 0.0881389
255 255 255 255
0.265851 -0.105371
2 0 0 0
1.0 0.0 0.0 0.0
0.0138421 -0.0291073 0.00986424
-0.856413 0.507929 0.0925483
255 255 255 255
0.209639 -0.193795
2 0 0 0
1.0 0.0 0.0 0.0
0.0137546 -0.0290971 0.00899784
-0.857149 0.506674 0.092608
255 255 255 255
0.214971 -0.197321
2 0 0 0
1.0 0.0 0.0 0.0
0.0207076 -0.0165812 0.00841321
-0.896659 0.432248 0.0957343
255 255 255 255
0.157451 -0.285875
2 0 0 0
1.0 0.0 0.0 0.0
0.02062 -0.016571 0.00754685
-0.897359 0.43078 0.095788
255 255 255 255
0.163099 -0.288856
2 0 0 0
1.0 0.0 0.0 0.0
0.0265321 -0.00206278 0.00790146
-0.92247 0.373517 0.0976483
255 255 255 255
0.114614 -0.394146
2 0 0 0
1.0 0.0 0.0 0.0
0.0264445 -0.00205255 0.0070351
-0.92247 0.373517 0.0976455
255 255 255 255
0.120606 -0.396304
2 0 0 0
1.0 0.0 0.0 0.0
0.02062 -0.016571 0.00754685
-0.92247 0.373517 0.0976455
255 255 255 255
0.163099 -0.288856
2 0 0 0
1.0 0.0 0.0 0.0
0.0265321 -0.00206278 0.00790146
-0.92247 0.373517 0.0976455
255 255 255 255
0.114614 -0.394146
2 0 0 0
1.0 0.0 0.0 0.0
0.0150675 0.0060756 0.0101875
0.478936 0.877668 -0.017842
255 255 255 255
0.871591 -0.947068
2 0 0 0
1.0 0.0 0.0 0.0
0.0264445 -0.00205255 0.0070351
0.608301 0.791378 -0.0607571
255 255 255 255
0.779094 -0.947068
2 0 0 0
1.0 0.0 0.0 0.0
0.0149934 0.00600517 0.00506292
0.495278 0.868425 -0.0232072
255 255 255 255
0.871591 -0.976661
2 0 0 0
1.0 0.0 0.0 0.0
-1.92043e-005 0.0124471 0.00671827
0.390655 0.9205 -0.00827932
255 255 255 255
0.98137 -0.976661
2 0 0 0
1.0 0.0 0.0 0.0
0.0256946 -0.00183135 0.0030422
0.605517 0.791945 -0.0785662
255 255 255 255
0.779094 -0.976661
2 0 0 0
1.0 0.0 0.0 0.0
0.0302926 -0.00514208 0.00672843
0.630614 0.770621 -0.0920239
255 255 255 255
0.747243 -0.939882
2 0 0 0
1.0 0.0 0.0 0.0
0.0265321 -0.00206278 0.00790146
0.622556 0.780731 -0.0537019
255 255 255 255
0.779094 -0.939882
2 0 0 0
1.0 0.0 0.0 0.0
0.0291449 -0.00482327 0.00252142
0.640471 0.758986 -0.117203
255 255 255 255
0.747243 -0.976661
2 0 0 0
1.0 0.0 0.0 0.0
-1.92043e-005 0.012477 0.0113046
0.390217 0.920704 -0.00600078
255 255 255 255
0.98137 -0.947068
2 0 0 0
1.0 0.0 0.0 0.0
264 # faces
2 1 0
2 0 3
3 0 4
3 5 2
3 6 5
7 6 3
3 4 7
4 8 7
7 9 6
9 7 10
8 10 7
10 8 11
11 8 12
13 10 11
14 10 13
9 10 14
13 15 14
16 6 9
9 17 16
9 14 17
14 18 17
18 14 15
16 19 6
19 5 6
20 16 17
21 16 20
19 16 21
17 22 20
18 22 17
20 22 23
19 21 24
25 19 24
25 24 26
19 25 5
29 28 27
29 30 28
29 31 30
31 32 30
31 33 32
33 34 32
33 35 34
35 36 34
35 37 36
29 27 38
38 27 39
38 39 40
41 38 40
42 41 40
42 40 43
42 43 44
42 44 45
45 44 46
46 44 47
46 47 48
49 46 48
49 48 50
49 50 51
49 51 52
52 51 53
52 53 54
54 53 55
54 55 56
56 55 57
56 57 58
61 60 59
59 60 62
63 60 61
60 64 62
60 65 64
65 60 66
65 66 67
67 66 68
60 69 66
63 69 60
69 70 66
63 71 69
72 71 63
75 74 73
73 74 76
74 75 77
73 76 78
78 76 79
78 79 80
80 79 81
80 81 82
85 84 83
84 85 86
83 87 85
87 83 88
87 88 89
87 89 90
90 89 91
90 91 92
95 94 93
94 95 96
94 97 93
97 99 98
100 97 98
97 100 101
100 102 101
102 100 103
106 105 104
106 104 107
108 107 104
107 108 109
110 109 108
109 110 111
110 112 111
112 110 113
113 114 112
114 113 115
116 114 115
116 115 117
120 119 118
119 121 118
118 122 120
118 123 122
123 118 124
123 124 125
125 124 126
129 128 127
130 128 129
128 131 127
132 130 129
133 130 132
133 132 134
135 133 134
136 127 131
137 127 136
138 137 136
139 137 138
140 139 138
140 141 139
142 141 140
145 144 143
148 147 146
151 150 149
151 149 152
153 151 152
149 150 154
154 155 149
155 154 156
152 149 157
155 157 149
155 158 157
158 155 159
155 156 159
158 159 160
153 152 161
161 152 162
152 157 162
161 162 163
162 164 163
164 162 165
165 157 158
165 162 157
165 166 164
158 167 165
165 167 166
158 160 167
170 169 168
168 169 171
171 169 172
172 169 173
173 169 174
174 169 175
172 173 176
179 178 177
179 177 180
180 177 181
180 181 182
182 181 183
182 183 184
184 183 185
184 185 186
179 187 178
179 188 187
188 189 187
188 190 189
190 191 189
190 192 191
192 193 191
192 194 193
197 196 195
198 195 196
195 198 199
200 199 198
199 200 201
202 201 200
205 204 203
208 207 206
211 210 209
211 209 212
212 209 213
213 209 214
212 213 215
216 210 211
216 217 210
220 219 218
219 221 218
222 220 218
218 221 223
218 223 224
224 225 218
224 226 225
226 227 225
218 225 228
222 218 228
228 225 229
222 228 230
231 222 230
234 233 232
233 235 232
232 236 234
233 237 235
237 238 235
237 239 238
239 240 238
239 241 240
244 243 242
243 244 245
246 245 244
245 246 247
246 248 247
246 249 248
249 250 248
249 251 250
254 253 252
253 254 255
256 253 255
258 256 257
256 259 257
259 256 260
261 259 260
259 261 262
265 264 263
263 264 266
264 265 267
264 267 268
268 269 264
268 270 269
269 270 271
274 273 272
273 275 272
275 276 272
276 277 272
277 278 272
278 279 272
276 280 277
283 282 281
286 285 284
284 287 286
287 284 288
288 289 287
289 288 290
290 291 289
294 293 292
297 296 295
298 297 295
297 299 296
299 300 296
300 301 296
299 302 300
298 295 303
